<?xml version="1.0" encoding="UTF-8"?>
<!DOCTYPE svg PUBLIC "-//W3C//DTD SVG 1.1//EN" "http://www.w3.org/Graphics/SVG/1.1/DTD/svg11.dtd">
<!-- Creator: CorelDRAW X7 -->
<svg xmlns="http://www.w3.org/2000/svg" xml:space="preserve" width="1048px" height="103px" version="1.1" style="shape-rendering:geometricPrecision; text-rendering:geometricPrecision; image-rendering:optimizeQuality; fill-rule:evenodd; clip-rule:evenodd"
viewBox="0 0 1050 103"
 xmlns:xlink="http://www.w3.org/1999/xlink">
 <defs>
  <font id="FontID0" horiz-adv-x="722" font-variant="normal" style="fill-rule:nonzero" font-weight="400">
	<font-face 
		font-family="Times New Roman">
	</font-face>
   <missing-glyph><path d="M0 0z"/></missing-glyph>
   <glyph unicode="3" horiz-adv-x="500"><path d="M50.005 535.994c18.8227,44.6756 42.833,79.1745 71.6624,103.511 28.8294,24.3221 64.8307,36.4974 107.834,36.4974 53.1657,0 93.8302,-17.1644 122.163,-51.6633 21.5016,-25.6686 32.3303,-53.1657 32.3303,-82.5054 0,-48.1624 -30.3318,-97.9973 -90.9954,-149.335 40.8345,-16.0022 71.6624,-38.666 92.6679,-68.3316 20.8354,-29.4956 31.3381,-64.3346 31.3381,-104.333 0,-57.3328 -18.3408,-106.842 -54.8382,-148.838 -47.4962,-54.6681 -116.494,-81.9951 -206.837,-81.9951 -44.6615,0 -74.9933,5.49941 -91.1655,16.6683 -16.1581,10.9988 -24.1662,23.004 -24.1662,35.6611 0,9.49641 3.84108,17.6747 11.4949,24.8324 7.66799,7.17191 16.8384,10.8429 27.6671,10.8429 8.17825,0 16.5124,-1.33233 25.0025,-4.01117 5.49941,-1.65833 18.0007,-7.66799 37.6738,-18.0007 19.5031,-10.3327 33.1666,-16.4982 40.6645,-18.4967 12.0052,-3.671 25.0025,-5.49941 38.666,-5.49941 33.3366,0 62.166,12.8414 86.8283,38.666 24.6765,25.6686 37.0076,56.1705 37.0076,91.3356 0,25.6686 -5.6695,50.827 -17.1644,75.1634 -8.50425,18.3408 -17.8447,32.1744 -27.8372,41.5007 -14.1737,12.9973 -33.3366,24.8324 -57.8289,35.5052 -24.5064,10.5027 -49.5089,15.8321 -75.0074,15.8321l-15.662 0 0 14.9958c25.8246,3.33083 51.4932,12.5012 77.502,27.8372 25.8246,15.336 44.6615,33.6626 56.3264,55.1642 11.8351,21.5016 17.6747,45.0016 17.6747,70.8404 0,33.4926 -10.5027,60.4935 -31.5082,81.1588 -21.1614,20.6653 -47.3261,30.998 -78.6643,30.998 -50.501,0 -92.6679,-27.327 -126.671,-81.825l-16.1581 7.82391z"/></glyph>
   <glyph unicode="0" horiz-adv-x="500"><path d="M36.0013 327.669c0,75.5035 11.339,140.334 34.1587,194.832 22.8339,54.498 53.0098,95.1625 90.8395,121.837 29.1696,21.1614 59.5014,31.6641 90.6694,31.6641 50.827,0 96.3247,-25.8387 136.663,-77.502 50.501,-64.1645 75.6736,-151.007 75.6736,-260.669 0,-76.6658 -10.9988,-141.993 -33.1666,-195.669 -22.1677,-53.6618 -50.3451,-92.4978 -84.6739,-116.834 -34.3288,-24.1662 -67.4954,-36.3273 -99.3296,-36.3273 -63.1724,0 -115.672,37.1636 -157.669,111.661 -35.5052,62.8322 -53.1657,138.506 -53.1657,227.007zm95.9988 -12.0052c0,-90.9954 11.1689,-165.337 33.5067,-222.995 18.4967,-48.5025 46.1639,-72.6688 82.8313,-72.6688 17.4904,0 35.6611,7.83808 54.498,23.6701 18.8369,15.8321 32.9965,42.1669 42.833,79.3304 14.8257,55.8304 22.3378,134.835 22.3378,236.503 0,75.5035 -7.83808,138.492 -23.3442,188.837 -11.665,37.4895 -26.8309,63.9944 -45.3276,79.5005 -13.1674,10.8287 -29.3396,16.1581 -48.1624,16.1581 -22.0118,0 -41.6708,-9.99249 -58.8352,-29.8357 -23.3442,-27.001 -39.3321,-69.3238 -47.6663,-127.323 -8.50425,-57.843 -12.6713,-114.836 -12.6713,-171.176z"/></glyph>
   <glyph unicode="5" horiz-adv-x="500"><path d="M434 663.005l-38.1699 -83.0014 -199.991 0 -43.8394 -88.6709c87.3386,-12.8272 155.996,-44.8315 206.327,-96.3389 43.1732,-44.3213 64.6748,-96.3247 64.6748,-156.322 0,-34.8391 -7.00183,-67.1694 -21.1614,-96.6649 -14.1737,-29.6798 -32.0043,-55.0083 -53.5059,-75.8437 -21.3315,-20.8354 -45.3276,-37.6596 -71.6624,-50.331 -37.3336,-17.8306 -75.6736,-26.8309 -115.006,-26.8309 -39.6723,0 -68.5017,6.66166 -86.6724,20.1692 -17.9865,13.3233 -26.9868,28.1632 -26.9868,44.3355 0,9.00033 3.65683,16.9943 11.1547,23.9961 7.51208,7.00183 17.0085,10.3327 28.3333,10.3327 8.33416,0 15.8321,-1.16225 22.1677,-3.84108 6.33566,-2.49458 17.0085,-9.15624 32.3445,-19.8291 24.3221,-16.8242 49.1545,-25.1584 74.157,-25.1584 37.9998,0 71.5065,14.4997 100.336,43.3291 28.6735,28.8294 43.1732,63.9944 43.1732,105.495 0,39.9983 -12.8414,77.502 -38.5101,112.171 -25.8246,34.8249 -61.1597,61.67 -106.501,80.4927 -35.321,14.6698 -83.6676,23.1741 -144.827,25.5127l126.997 256.998 237.169 0z"/></glyph>
   <glyph unicode="2" horiz-adv-x="500"><path d="M457.996 128.669l-46.334 -128.669 -390.657 0 0 18.3266c114.992,104.843 195.824,190.339 242.654,256.672 46.8442,66.3331 70.3443,126.997 70.3443,182.005 0,41.9968 -12.8414,76.4957 -38.666,103.497 -25.6686,27.001 -56.3406,40.4944 -92.1718,40.4944 -32.6705,0 -61.84,-9.32632 -87.6646,-28.1632 -26.0088,-18.8369 -45.0016,-46.504 -57.5029,-82.8313l-18.0007 0c8.16408,59.8274 29.1696,105.835 62.8322,137.996 33.6626,32.0043 75.8295,48.0065 126.501,48.0065 53.6618,0 98.6634,-17.3345 134.665,-51.8334 36.0013,-34.4989 54.002,-75.1634 54.002,-122.163 0,-33.5067 -7.83808,-67.1694 -23.5001,-100.676 -23.9961,-52.6696 -63.1582,-108.5 -117.16,-167.491 -81.173,-88.3449 -131.178,-141.341 -150.341,-158.845l171.176 0c34.8249,0 59.3313,1.34651 73.3208,3.84108 14.0037,2.66466 26.675,7.99399 37.9998,16.0022 11.339,7.82391 21.1756,19.1629 29.5097,33.8327l18.9928 0z"/></glyph>
   <glyph unicode="1" horiz-adv-x="500"><path d="M115.998 598.004l161.836 77.9981 16.1722 0 0 -558.998c0,-37.1777 1.48824,-60.5077 4.66316,-69.6639 3.16074,-9.00033 9.49641,-16.1722 19.333,-21.0055 9.83658,-4.83325 29.8357,-7.66799 59.9974,-8.33416l0 -18.0007 -249.996 0 0 18.0007c31.324,0.666166 51.4932,3.33083 60.4935,8.16408 9.17041,4.66316 15.5061,10.9988 19.1771,19.007 3.48674,7.99399 5.32933,31.9901 5.32933,71.8325l0 358c0,48.1624 -1.6725,79.1603 -4.83325,92.8238 -2.33867,10.5027 -6.50575,18.1707 -12.5012,23.004 -6.16558,4.83325 -13.3375,7.32782 -21.8417,7.32782 -12.1611,0 -28.9995,-4.98916 -50.4869,-15.1659l-7.342 15.01z"/></glyph>
  </font>
  <style type="text/css">
   <![CDATA[
    @font-face { font-family:"Times New Roman";src:url("#FontID0") format(svg)}
    .str0 {stroke:black;stroke-width:1.33599}
    .str1 {stroke:black;stroke-width:0.3338}
    .fil0 {fill:none}
    .fil1 {fill:black}
    .fnt0 {font-weight:normal;font-size:27.8376px;font-family:'Times New Roman'}
   ]]>
  </style>
 </defs>
 <g id="Слой_x0020_1">
  <metadata id="CorelCorpID_0Corel-Layer"/>
  <line class="fil0 str1" x1="0" y1="72" x2="1048" y2= "72" />